object={
	name="valyria_lakes"
	render_pass=Map
	clamp_to_water_level=yes
	generated_content=no
	layer="lake_layer"
	pdxmesh="lake_mesh"
	count=5
	transform="3930.376953 1.659131 1808.145874 0.000000 -0.656897 0.000000 -0.753980 112.516006 112.516006 112.516006
4009.728271 1.002442 1946.333252 0.000000 0.997631 0.000000 0.068789 90.497917 90.497917 90.497917
3872.613525 1.797119 1726.841675 0.000000 -0.222131 0.000000 0.975017 20.558949 20.558949 20.558949
4050.424561 1.810596 2018.041748 0.000000 -0.056549 0.000000 0.998400 82.029144 82.029144 82.029144
4110.922852 1.545532 1977.035278 0.000000 -0.437338 0.000000 0.899297 12.062369 12.062369 12.062369
"}
